15 80.74951
16 86.13281
17 91.51611
18 96.899414
19 102.282715
20 107.666016
22 118.43262
23 123.81592
24 129.19922
26 139.96582
27 145.34912
29 156.11572
31 166.88232
32 172.26563
34 183.03223
36 193.79883
39 209.94873
41 220.71533
43 231.48193
46 247.63184
49 263.78174
51 274.54834
55 296.08154
58 312.23145
61 328.38135
65 349.91455
69 371.44775
73 392.98096
77 414.51416
82 441.43066
87 468.34717
92 495.26367
97 522.1802
103 554.48
109 586.7798
116 624.4629
122 656.7627
130 699.8291
137 737.5122
154 829.0283
163 877.478
173 931.31104
183 985.14404
